
90
80
40
40
80
290
180
120

90
80
40
40
80
290
180
120

90
80
40
40
80
290
180
120

90
80
40
40
80
290
180
120

90
80
40
40
80
290
180
120

90
80
40
40
80
290
180
120

90
80
40
40
80
290
180
120
100
90
80
40
40
80
290
180
120
100
90
80
40
40
80
290
180
120
100
230
250
80
50
240
290
180
150
200
230
250
80
50
240
290
180
150
200
230
250
80
50
240
290
180
150
200
230
250
80
50
240
290
180
150
200
230
250
80
50
240
290
180
150
200
230
250
80
50
240
290
180
150
200